0.87792969
0.87500000
0.87304688
0.86962891
0.86865234
0.86523438
0.86328125
0.86035156
0.85839844
0.85449219
0.85302734
0.84960938
0.84863281
0.84521484
0.84033203
0.83837891
0.83593750
0.83203125
0.83007813
0.82617188
0.82275391
0.81933594
0.81640625
0.81396484
0.81201172
0.80859375
0.80517578
0.80175781
0.79882813
0.79541016
0.79248047
0.78808594
0.78515625
0.78222656
0.77783203
0.77294922
0.76953125
0.76611328
0.76171875
0.75878906
0.75488281
0.75097656
0.74853516
0.74511719
0.73974609
0.73681641
0.73388672
0.73095703
0.72558594
0.72216797
0.71826172
0.71289063
0.71044922
0.70605469
0.70263672
0.69921875
0.69238281
0.68896484
0.68408203
0.68066406
0.67626953
0.67187500
0.66650391
0.66210938
0.65869141
0.65429688
0.65087891
0.64501953
0.64062500
0.63720703
0.63232422
0.62792969
0.62451172
0.61962891
0.61474609
0.61083984
0.60644531
0.59960938
0.59521484
0.58935547
0.58496094
0.58007813
0.57666016
0.57177734
0.56640625
0.56152344
0.55664063
0.55175781
0.54687500
0.54199219
0.53662109
0.53369141
0.52783203
0.52392578
0.51953125
0.51367188
0.50878906
0.50000000
0.49511719
0.49121094
0.48583984
0.48095703
0.47558594
0.47070313
0.46435547
0.45898438
0.45410156
0.44970703
0.44384766
0.43945313
0.43457031
0.42822266
0.42236328
0.41845703
0.41308594
0.40722656
0.40136719
0.39550781
0.38818359
0.38330078
0.37792969
0.37109375
0.36669922
0.36132813
0.35351563
0.34863281
0.34423828
0.33837891
0.33251953
0.32714844
0.32080078
0.31542969
0.31103516
0.30468750
0.29931641
0.29296875
0.28808594
0.28320313
0.27636719
0.26855469
0.26318359
0.25634766
0.25195313
0.24414063
0.23925781
0.23291016
0.22851563
0.22167969
0.21582031
0.20996094
0.20458984
0.19873047
0.19287109
0.18652344
0.18164063
0.17529297
0.16992188
0.16308594
0.15869141
0.15185547
0.14355469
0.13574219
0.13183594
0.12500000
0.12011719
0.11279297
0.10791016
0.10156250
0.09716797
0.09082031
0.08349609
0.07812500
0.07177734
0.06689453
0.05957031
0.05566406
0.04931641
0.04345703
0.03710938
0.03027344
0.02587891
0.01660156
0.01123047
0.00390625
-0.00244141
-0.00683594
-0.01367188
-0.01904297
-0.02490234
-0.03027344
-0.03710938
-0.04345703
-0.04882813
-0.05468750
-0.05957031
-0.06640625
-0.07373047
-0.07861328
-0.08447266
-0.08984375
-0.09667969
-0.10205078
-0.11132813
-0.11669922
-0.12207031
-0.12841797
-0.13378906
-0.14062500
-0.14501953
-0.15136719
-0.15625000
-0.16259766
-0.16796875
-0.17626953
-0.18261719
-0.18701172
-0.19287109
-0.19824219
-0.20556641
-0.21093750
-0.21679688
-0.22119141
-0.22998047
-0.23632813
-0.24121094
-0.24755859
-0.25292969
-0.26025391
-0.26464844
-0.27050781
-0.27587891
-0.28369141
-0.28808594
-0.29492188
-0.29931641
-0.30615234
-0.31103516
-0.31640625
-0.32275391
-0.32763672
-0.33544922
-0.34033203
-0.34423828
-0.35351563
-0.35986328
-0.36474609
-0.37011719
-0.37597656
-0.38037109
-0.38623047
-0.39355469
-0.39794922
-0.40283203
-0.40917969
-0.41455078
-0.41943359
-0.42480469
-0.43164063
-0.43603516
-0.44140625
-0.44628906
-0.45263672
-0.45800781
-0.46240234
-0.47021484
-0.47607422
-0.48046875
-0.48535156
-0.48974609
-0.49609375
-0.50341797
-0.50732422
-0.51318359
-0.51708984
-0.52343750
-0.52734375
-0.53271484
-0.53759766
-0.54248047
-0.54687500
-0.55224609
-0.55664063
-0.56201172
-0.56640625
-0.57177734
-0.57910156
-0.58349609
-0.58837891
-0.59277344
-0.59765625
-0.60498047
-0.60986328
-0.61279297
-0.61718750
-0.62207031
-0.62744141
-0.63232422
-0.63574219
-0.64062500
-0.64550781
-0.64990234
-0.65380859
-0.65869141
-0.66308594
-0.66699219
-0.67236328
-0.67871094
-0.68359375
-0.68652344
-0.69140625
-0.69482422
-0.69921875
-0.70458984
-0.70898438
-0.71386719
-0.71630859
-0.72167969
-0.72509766
-0.72802734
-0.73339844
-0.73632813
-0.74121094
-0.74511719
-0.74804688
-0.75341797
-0.75634766
-0.75976563
-0.76611328
-0.76953125
-0.77343750
-0.77783203
-0.78173828
-0.78466797
-0.78857422
-0.79150391
-0.79492188
-0.79980469
-0.80273438
-0.80566406
-0.80908203
-0.81250000
-0.81640625
-0.81933594
-0.82275391
-0.82568359
-0.82861328
-0.83203125
-0.83691406
-0.84082031
-0.84423828
-0.84570313
-0.84863281
-0.85253906
-0.85595703
-0.85888672
-0.86181641
-0.86376953
-0.86767578
-0.87060547
-0.87207031
-0.87500000
-0.87841797
-0.88037109
-0.88330078
-0.88720703
-0.88916016
-0.89257813
-0.89404297
-0.89697266
-0.90039063
-0.90185547
-0.90478516
-0.90673828
-0.91015625
-0.91113281
-0.91357422
-0.91650391
-0.91943359
-0.92187500
-0.92480469
-0.92626953
-0.92773438
-0.92968750
-0.93261719
-0.93408203
-0.93554688
-0.93701172
-0.93896484
-0.94091797
-0.94384766
-0.94580078
-0.94775391
-0.94873047
-0.95117188
-0.95263672
-0.95410156
-0.95556641
-0.95751953
-0.95898438
-0.95947266
-0.96093750
-0.96191406
-0.96386719
-0.96533203
-0.96533203
-0.96728516
-0.96875000
-0.96875000
-0.97070313
-0.97216797
-0.97363281
-0.97412109
-0.97509766
-0.97509766
-0.97705078
-0.97705078
-0.97802734
-0.97851563
-0.98046875
-0.98095703
-0.98046875
-0.98144531
-0.98193359
-0.98193359
-0.98388672
-0.98339844
-0.98339844
-0.98535156
-0.98486328
-0.98486328
-0.98486328
-0.98486328
-0.98437500
-0.98632813
-0.98681641
-0.98632813
-0.98632813
-0.98681641
-0.98681641
-0.98632813
-0.98632813
-0.98535156
-0.98486328
-0.98486328
-0.98437500
-0.98535156
-0.98486328
-0.98339844
-0.98339844
-0.98339844
-0.98291016
-0.98193359
-0.98193359
-0.98046875
-0.98095703
-0.97998047
-0.97851563
-0.97851563
-0.97705078
-0.97753906
-0.97558594
-0.97558594
-0.97412109
-0.97460938
-0.97216797
-0.97021484
-0.97070313
-0.96875000
-0.96728516
-0.96728516
-0.96582031
-0.96435547
-0.96240234
-0.96093750
-0.95898438
-0.95947266
-0.95751953
-0.95556641
-0.95410156
-0.95214844
-0.95166016
-0.94921875
-0.94775391
-0.94580078
-0.94384766
-0.94238281
-0.94091797
-0.93896484
-0.93798828
-0.93457031
-0.93261719
-0.93115234
-0.92968750
-0.92626953
-0.92529297
-0.92187500
-0.91992188
-0.91650391
-0.91357422
-0.91162109
-0.91015625
-0.90722656
-0.90527344
-0.90234375
-0.90087891
-0.89746094
-0.89550781
-0.89257813
-0.89062500
-0.88720703
-0.88476563
-0.88183594
-0.88037109
-0.87744141
-0.87207031
-0.87109375
-0.86767578
-0.86376953
-0.86230469
-0.85888672
-0.85546875
-0.85253906
-0.84863281
-0.84570313
-0.84423828
-0.84082031
-0.83740234
-0.83349609
-0.83105469
-0.82763672
-0.82470703
-0.82080078
-0.81738281
-0.81494141
-0.81103516
-0.80615234
-0.80273438
-0.79931641
-0.79443359
-0.79199219
-0.78808594
-0.78515625
-0.78125000
-0.77783203
-0.77294922
-0.77001953
-0.76611328
-0.76367188
-0.75781250
-0.75537109
-0.75195313
-0.74609375
-0.74365234
-0.73876953
-0.73535156
-0.73144531
-0.72460938
-0.72119141
-0.71679688
-0.71337891
-0.70898438
-0.70458984
-0.69921875
-0.69482422
-0.69189453
-0.68652344
-0.68359375
-0.67871094
-0.67382813
-0.67041016
-0.66552734
-0.66015625
-0.65673828
-0.65185547
-0.64648438
-0.64404297
-0.63964844
-0.63232422
-0.62744141
-0.62255859
-0.61767578
-0.61279297
-0.60937500
-0.60449219
-0.59814453
-0.59277344
-0.58837891
-0.58349609
-0.57861328
-0.57373047
-0.56884766
-0.56542969
-0.56005859
-0.55517578
-0.55029297
-0.54589844
-0.54052734
-0.53613281
-0.52734375
-0.52246094
-0.51757813
-0.51269531
-0.50830078
-0.50341797
-0.49707031
-0.48974609
-0.48535156
-0.48046875
-0.47558594
-0.47119141
-0.46582031
-0.45947266
-0.45410156
-0.44921875
-0.44482422
-0.43896484
-0.43261719
-0.42724609
-0.41894531
-0.41455078
-0.40917969
-0.40283203
-0.39794922
-0.39355469
-0.38525391
-0.38037109
-0.37548828
-0.36962891
-0.36474609
-0.35986328
-0.35302734
-0.34765625
-0.34277344
-0.33642578
-0.33105469
-0.32421875
-0.31982422
-0.31396484
-0.30761719
-0.29980469
-0.29443359
-0.28808594
-0.28369141
-0.27587891
-0.27050781
-0.26416016
-0.25976563
-0.25292969
-0.24804688
-0.24121094
-0.23681641
-0.22998047
-0.22460938
-0.21777344
-0.21386719
-0.20751953
-0.20214844
-0.19433594
-0.19042969
-0.18408203
-0.17578125
-0.16748047
-0.16308594
-0.15673828
-0.15136719
-0.14501953
-0.14062500
-0.13378906
-0.12841797
-0.12255859
-0.11621094
-0.11181641
-0.10498047
-0.10058594
-0.09326172
-0.08837891
-0.08251953
-0.07568359
-0.07080078
-0.06298828
-0.05761719
-0.04882813
-0.04345703
-0.03662109
-0.03027344
-0.02539063
-0.01855469
-0.01318359
-0.00683594
-0.00244141
0.00390625
0.01123047
0.01611328
0.02246094
0.02734375
0.03320313
0.04052734
0.04638672
0.05224609
0.05712891
0.06347656
0.06884766
0.07812500
0.08300781
0.09033203
0.09667969
0.10156250
0.10839844
0.11328125
0.11962891
0.12548828
0.13134766
0.13623047
0.14355469
0.15087891
0.15527344
0.16162109
0.16601563
0.17333984
0.17822266
0.18457031
0.18945313
0.19726563
0.20507813
0.20947266
0.21533203
0.22167969
0.22802734
0.23291016
0.23925781
0.24414063
0.25195313
0.25634766
0.26318359
0.26904297
0.27490234
0.28027344
0.28466797
0.29150391
0.29589844
0.30273438
0.30761719
0.31250000
0.32080078
0.32714844
0.33349609
0.33740234
0.34375000
0.34912109
0.35351563
0.36132813
0.36669922
0.37158203
0.37744141
0.38330078
0.38818359
0.39208984
0.39892578
0.40429688
0.40966797
0.41406250
0.42138672
0.42626953
0.43066406
0.43994141
0.44433594
0.44873047
0.45410156
0.45849609
0.46386719
0.47070313
0.47558594
0.48095703
0.48535156
0.49072266
0.49511719
0.50048828
0.50488281
0.50976563
0.51513672
0.52050781
0.52490234
0.52978516
0.53466797
0.54003906
0.54736328
0.55175781
0.55664063
0.56152344
0.56591797
0.57177734
0.57617188
0.58007813
0.58496094
0.58984375
0.59472656
0.60009766
0.60302734
0.60742188
0.61279297
0.61767578
0.62158203
0.62646484
0.63085938
0.63427734
0.63916016
0.64550781
0.65087891
0.65380859
0.65869141
0.66210938
0.66699219
0.67236328
0.67675781
0.68066406
0.68408203
0.68896484
0.69287109
0.69628906
0.70068359
0.70458984
0.70898438
0.71240234
0.71582031
0.72021484
0.72363281
0.72656250
0.73388672
0.73632813
0.73974609
0.74511719
0.74853516
0.75146484
0.75488281
0.75830078
0.76171875
0.76611328
0.76953125
0.77246094
0.77636719
0.78076172
0.78369141
0.78662109
0.79003906
0.79394531
0.79736328
0.79980469
0.80322266
0.80957031
0.81201172
0.81347656
0.81640625
0.81982422
0.82275391
0.82568359
0.82958984
0.83203125
0.83593750
0.83886719
0.84033203
0.84375000
0.84619141
0.84814453
0.85156250
0.85400391
0.85595703
0.85986328
0.86132813
0.86572266
0.86816406
0.86962891
0.87304688
0.87500000
0.87841797
0.87939453
0.88134766
0.88427734
0.88671875
0.88867188
0.89160156
0.89306641
0.89501953
0.89599609
0.89990234
0.90136719
0.90332031
0.90527344
0.90673828
0.90820313
0.91162109
0.91357422
0.91552734
0.91650391
0.91845703
0.91943359
0.92187500
0.92285156
0.92431641
0.92626953
0.92578125
0.92822266
0.92919922
0.93164063
0.93212891
0.93164063
0.93408203
0.93603516
0.93603516
0.93798828
0.93994141
0.94189453
0.94189453
0.94384766
0.94384766
0.94580078
0.94580078
0.94628906
0.94726563
0.94824219
0.94824219
0.94775391
0.94970703
0.94970703
0.94921875
0.95166016
0.95166016
0.95117188
0.95263672
0.95312500
0.95312500
0.95263672
0.95263672
0.95214844
0.95507813
0.95458984
0.95458984
0.95458984
0.95458984
0.95458984
0.95410156
0.95458984
0.95312500
0.95263672
0.95263672
0.95312500
0.95263672
0.95263672
0.95117188
0.95166016
0.95166016
0.95117188
0.94970703
0.94970703
0.94824219
0.94873047
0.94824219
0.94677734
0.94628906
0.94531250
0.94531250
0.94335938
0.94335938
0.94238281
0.94189453
0.94042969
0.93798828
0.93750000
0.93554688
0.93408203
0.93408203
0.93164063
0.93066406
0.92871094
0.92773438
0.92529297
0.92578125
0.92431641
0.92236328
0.92138672
0.91992188
0.91796875
0.91650391
0.91503906
0.91308594
0.91162109
0.90966797
0.90820313
0.90625000
0.90478516
0.90185547
0.89990234
0.89794922
0.89648438
0.89453125
0.89160156
0.88818359
0.88671875
0.88427734
0.88134766
0.87939453
0.87792969
0.87451172
0.87255859
0.86962891
0.86865234
0.86523438
0.86328125
0.85986328
0.85839844
0.85449219
0.85253906
0.84960938
0.84814453
0.84472656
0.84033203
0.83886719
0.83544922
0.83154297
0.82958984
0.82568359
0.82275391
0.81933594
0.81640625
0.81298828
0.81152344
0.80908203
0.80517578
0.80126953
0.79882813
0.79541016
0.79248047
0.78857422
0.78515625
0.78222656
0.77783203
0.77246094
0.76953125
0.76611328
0.76171875
0.75878906
0.75488281
0.75097656
0.74755859
0.74511719
0.73974609
0.73681641
0.73388672
0.72998047
0.72558594
0.72216797
0.71875000
0.71337891
0.71044922
0.70605469
0.70263672
0.69921875
0.69287109
0.68945313
0.68408203
0.68115234
0.67626953
0.67187500
0.66650391
0.66210938
0.65917969
0.65429688
0.65087891
0.64550781
0.64013672
0.63720703
0.63232422
0.62792969
0.62500000
0.61962891
0.61474609
0.61083984
0.60693359
0.60009766
0.59570313
0.58984375
0.58447266
0.58056641
0.57617188
0.57177734
0.56640625
0.56152344
0.55712891
0.55175781
0.54736328
0.54150391
0.53710938
0.53320313
0.52832031
0.52343750
0.51904297
0.51416016
0.50830078
0.50341797
0.49560547
0.49121094
0.48535156
0.48095703
0.47607422
0.47021484
0.46435547
0.45898438
0.45361328
0.44921875
0.44433594
0.43945313
0.43359375
0.42773438
0.42285156
0.41796875
0.41308594
0.40771484
0.40136719
0.39550781
0.39111328
0.38330078
0.37792969
0.37158203
0.36718750
0.36132813
0.35400391
0.34863281
0.34423828
0.33789063
0.33251953
0.32763672
0.32080078
0.31591797
0.31152344
0.30468750
0.29931641
0.29296875
0.28808594
0.28271484
0.27685547
0.26855469
0.26318359
0.25732422
0.25195313
0.24414063
0.23974609
0.23339844
0.22900391
0.22070313
0.21582031
0.20947266
0.20556641
0.19873047
0.19287109
0.18701172
0.18115234
0.17480469
0.16992188
0.16357422
0.15869141
0.15234375
0.14355469
0.13623047
0.13134766
0.12548828
0.11962891
0.11328125
0.10888672
0.10156250
0.09716797
0.09082031
0.08349609
0.07812500
0.07177734
0.06738281
0.06054688
0.05566406
0.04931641
0.04296875
0.03759766
0.03027344
0.02587891
0.01611328
0.01123047
0.00390625
-0.00195313
-0.00683594
-0.01318359
-0.01904297
-0.02490234
-0.03027344
-0.03710938
-0.04345703
-0.04833984
-0.05517578
-0.05957031
-0.06640625
-0.07421875
-0.07861328
-0.08496094
-0.08984375
-0.09619141
-0.10253906
-0.11181641
-0.11621094
-0.12255859
-0.12841797
-0.13378906
-0.14062500
-0.14501953
-0.15185547
-0.15673828
-0.16308594
-0.16845703
-0.17578125
-0.18212891
-0.18701172
-0.19384766
-0.19775391
-0.20507813
-0.21044922
-0.21679688
-0.22119141
-0.22851563
-0.23632813
-0.24121094
-0.24804688
-0.25244141
-0.26025391
-0.26464844
-0.27050781
-0.27587891
-0.28417969
-0.28808594
-0.29443359
-0.29980469
-0.30615234
-0.31054688
-0.31689453
-0.32275391
-0.32763672
-0.33496094
-0.33984375
-0.34423828
-0.35107422
-0.35937500
-0.36425781
-0.36914063
-0.37597656
-0.38037109
-0.38671875
-0.39355469
-0.39794922
-0.40283203
-0.40917969
-0.41455078
-0.41943359
-0.42480469
-0.43066406
-0.43603516
-0.44140625
-0.44628906
-0.45263672
-0.45800781
-0.46289063
-0.47119141
-0.47607422
-0.48046875
-0.48535156
-0.49023438
-0.49707031
-0.50341797
-0.50781250
-0.51269531
-0.51806641
-0.52294922
-0.52734375
-0.53320313
-0.53759766
-0.54248047
-0.54785156
-0.55224609
-0.55664063
-0.56201172
-0.56640625
-0.57177734
-0.57861328
-0.58349609
-0.58837891
-0.59277344
-0.59765625
-0.60498047
-0.60937500
-0.61230469
-0.61718750
-0.62207031
-0.62744141
-0.63232422
-0.63574219
-0.64062500
-0.64599609
-0.65087891
-0.65380859
-0.65917969
-0.66357422
-0.66650391
-0.67236328
-0.67871094
-0.68359375
-0.68652344
-0.69189453
-0.69482422
-0.69970703
-0.70458984
-0.70898438
-0.71337891
-0.71679688
-0.72119141
-0.72460938
-0.72851563
-0.73339844
-0.73632813
-0.74121094
-0.74560547
-0.74804688
-0.75292969
-0.75634766
-0.76025391
-0.76660156
-0.76953125
-0.77246094
-0.77783203
-0.78125000
-0.78515625
-0.78857422
-0.79150391
-0.79492188
-0.79931641
-0.80273438
-0.80615234
-0.80908203
-0.81250000
-0.81640625
-0.81933594
-0.82275391
-0.82568359
-0.82910156
-0.83203125
-0.83544922
-0.84082031
-0.84375000
-0.84619141
-0.84912109
-0.85205078
-0.85546875
-0.85839844
-0.86181641
-0.86328125
-0.86718750
-0.87109375
-0.87255859
-0.87548828
-0.87841797
-0.88037109
-0.88330078
-0.88720703
-0.88867188
-0.89208984
-0.89404297
-0.89746094
-0.90039063
-0.90234375
-0.90527344
-0.90673828
-0.91015625
-0.91162109
-0.91308594
-0.91699219
-0.91894531
-0.92138672
-0.92480469
-0.92578125
-0.92773438
-0.92919922
-0.93310547
-0.93408203
-0.93603516
-0.93750000
-0.93896484
-0.94091797
-0.94433594
-0.94580078
-0.94775391
-0.94921875
-0.95068359
-0.95263672
-0.95410156
-0.95507813
-0.95751953
-0.95898438
-0.95898438
-0.96044922
-0.96191406
-0.96386719
-0.96582031
-0.96533203
-0.96728516
-0.96826172
-0.96875000
-0.97021484
-0.97216797
-0.97363281
-0.97412109
-0.97509766
-0.97509766
-0.97705078
-0.97705078
-0.97851563
-0.97851563
-0.97998047
-0.97998047
-0.97998047
-0.98193359
-0.98144531
-0.98193359
-0.98339844
-0.98388672
-0.98339844
-0.98437500
-0.98437500
-0.98535156
-0.98437500
-0.98437500
-0.98437500
-0.98632813
-0.98681641
-0.98681641
-0.98632813
-0.98681641
-0.98632813
-0.98681641
-0.98681641
-0.98486328
-0.98437500
-0.98535156
-0.98486328
-0.98486328
-0.98437500
-0.98388672
-0.98388672
-0.98339844
-0.98339844
-0.98144531
-0.98144531
-0.98046875
-0.98046875
-0.97998047
-0.97900391
-0.97900391
-0.97705078
-0.97656250
-0.97558594
-0.97509766
-0.97363281
-0.97412109
-0.97265625
-0.97070313
-0.97119141
-0.96923828
-0.96728516
-0.96777344
-0.96533203
-0.96386719
-0.96240234
-0.96093750
-0.95898438
-0.95898438
-0.95800781
-0.95605469
-0.95410156
-0.95214844
-0.95117188
-0.94921875
-0.94775391
-0.94580078
-0.94384766
-0.94238281
-0.94042969
-0.93896484
-0.93750000
-0.93457031
-0.93359375
-0.93115234
-0.92968750
-0.92822266
-0.92529297
-0.92187500
-0.91943359
-0.91699219
-0.91357422
-0.91210938
-0.91015625
-0.90722656
-0.90527344
-0.90185547
-0.90087891
-0.89746094
-0.89501953
-0.89257813
-0.89062500
-0.88720703
-0.88574219
-0.88183594
-0.88037109
-0.87744141
-0.87402344
-0.87109375
-0.86816406
-0.86425781
-0.86181641
-0.85888672
-0.85546875
-0.85253906
-0.84863281
-0.84619141
-0.84375000
-0.84130859
-0.83789063
-0.83398438
-0.83056641
-0.82763672
-0.82470703
-0.82128906
-0.81835938
-0.81445313
-0.81103516
-0.80566406
-0.80273438
-0.79931641
-0.79541016
-0.79150391
-0.78857422
-0.78466797
-0.78173828
-0.77783203
-0.77294922
-0.76953125
-0.76660156
-0.76367188
-0.75830078
-0.75488281
-0.75195313
-0.74707031
-0.74316406
-0.73876953
-0.73535156
-0.73193359
-0.72509766
-0.72216797
-0.71728516
-0.71386719
-0.70947266
-0.70458984
-0.69921875
-0.69531250
-0.69140625
-0.68652344
-0.68359375
-0.67871094
-0.67382813
-0.66992188
-0.66552734
-0.66064453
-0.65722656
-0.65185547
-0.64648438
-0.64355469
-0.63867188
-0.63232422
-0.62744141
-0.62207031
-0.61718750
-0.61279297
-0.60937500
-0.60449219
-0.59765625
-0.59277344
-0.58837891
-0.58349609
-0.57958984
-0.57373047
-0.56835938
-0.56542969
-0.56054688
-0.55566406
-0.55078125
-0.54589844
-0.54101563
-0.53613281
-0.52783203
-0.52246094
-0.51708984
-0.51269531
-0.50781250
-0.50341797
-0.49658203
-0.48974609
-0.48535156
-0.48046875
-0.47656250
-0.47119141
-0.46582031
-0.45898438
-0.45410156
-0.44921875
-0.44433594
-0.43847656
-0.43212891
-0.42724609
-0.42285156
-0.41455078
-0.40917969
-0.40332031
-0.39843750
-0.39306641
-0.38525391
-0.38085938
-0.37597656
-0.36962891
-0.36425781
-0.35937500
-0.35302734
-0.34765625
-0.34277344
-0.33593750
-0.33056641
-0.32421875
-0.31933594
-0.31396484
-0.30761719
-0.30224609
-0.29443359
-0.28808594
-0.28320313
-0.27587891
-0.27099609
-0.26416016
-0.25976563
-0.25292969
-0.24755859
-0.24121094
-0.23632813
-0.22998047
-0.22460938
-0.21875000
-0.21337891
-0.20751953
-0.20214844
-0.19482422
-0.19042969
-0.18408203
-0.17626953
-0.16748047
-0.16308594
-0.15625000
-0.15185547
-0.14501953
-0.14013672
-0.13378906
-0.12841797
-0.12207031
-0.11572266
-0.11132813
-0.10546875
-0.09912109
-0.09326172
-0.08789063
-0.08154297
-0.07568359
-0.07031250
-0.06298828
-0.05810547
-0.04833984
-0.04345703
-0.03662109
-0.03027344
-0.02539063
-0.01904297
-0.01367188
-0.00683594
-0.00195313
0.00439453
0.01171875
0.01660156
0.02294922
0.02734375
0.03417969
0.04052734
0.04589844
0.05224609
0.05712891
0.06396484
0.06884766
0.07812500
0.08349609
0.09033203
0.09716797
0.10205078
0.10839844
0.11279297
0.12011719
0.12500000
0.13085938
0.13623047
0.14355469
0.14941406
0.15478516
0.16162109
0.16601563
0.17333984
0.17822266
0.18457031
0.18945313
0.19677734
0.20507813
0.20947266
0.21582031
0.22167969
0.22851563
0.23291016
0.23925781
0.24414063
0.25195313
0.25634766
0.26367188
0.26855469
0.27490234
0.28027344
0.28466797
0.29052734
0.29638672
0.30273438
0.30761719
0.31298828
0.31884766
0.32714844
0.33251953
0.33740234
0.34423828
0.34912109
0.35351563
0.36083984
0.36718750
0.37109375
0.37792969
0.38281250
0.38769531
0.39257813
0.39892578
0.40429688
0.41015625
0.41455078
0.42089844
0.42578125
0.43017578
0.43603516
0.44384766
0.44873047
0.45410156
0.45849609
0.46435547
0.47070313
0.47509766
0.48046875
0.48486328
0.49072266
0.49511719
0.50048828
0.50488281
0.51025391
0.51513672
0.52050781
0.52490234
0.53027344
0.53466797
0.53955078
0.54736328
0.55175781
0.55664063
0.56103516
0.56591797
0.57177734
0.57617188
0.58007813
0.58496094
0.58984375
0.59423828
0.60009766
0.60302734
0.60742188
0.61230469
0.61718750
0.62158203
0.62597656
0.63085938
0.63330078
0.63867188
0.64550781
0.65136719
0.65380859
0.65869141
0.66210938
0.66650391
0.67187500
0.67626953
0.68066406
0.68408203
0.68945313
0.69238281
0.69580078
0.70068359
0.70410156
0.70898438
0.71191406
0.71533203
0.71972656
0.72314453
0.72802734
0.73339844
0.73632813
0.73925781
0.74511719
0.74804688
0.75097656
0.75488281
0.75830078
0.76171875
0.76611328
0.76953125
0.77246094
0.77587891
0.78076172
0.78369141
0.78662109
0.78955078
0.79345703
0.79736328
0.80029297
0.80371094
0.80908203
0.81201172
0.81298828
0.81640625
0.81982422
0.82324219
0.82568359
0.83007813
0.83203125
0.83593750
0.83886719
0.84033203
0.84375000
0.84667969
0.84863281
0.85156250
0.85498047
0.85595703
0.86035156
0.86132813
0.86523438
0.86816406
0.87011719
0.87304688
0.87500000
0.87841797
0.87939453
0.88085938
0.88476563
0.88671875
0.88867188
0.89257813
0.89355469
0.89550781
0.89599609
0.89990234
0.90136719
0.90380859
0.90478516
0.90625000
0.90820313
0.90966797
0.91357422
0.91503906
0.91601563
0.91796875
0.91992188
0.92187500
0.92333984
0.92431641
0.92626953
0.92626953
0.92822266
0.92968750
0.93115234
0.93261719
0.93261719
0.93457031
0.93603516
0.93603516
0.93798828
0.93994141
0.94189453
0.94189453
0.94384766
0.94287109
0.94531250
0.94531250
0.94628906
0.94677734
0.94873047
0.94873047
0.94873047
0.94970703
0.95019531
0.95019531
0.95117188
0.95117188
0.95166016
0.95312500
0.95263672
0.95263672
0.95214844
0.95312500
0.95312500
0.95458984
0.95507813
0.95458984
0.95458984
0.95507813
0.95458984
0.95458984
0.95458984
0.95263672
0.95312500
0.95263672
0.95312500
0.95312500
0.95312500
0.95166016
0.95166016
0.95214844
0.95117188
0.94970703
0.94970703
0.94873047
0.94873047
0.94824219
0.94628906
0.94677734
0.94482422
0.94531250
0.94287109
0.94384766
0.94238281
0.94189453
0.94042969
0.93798828
0.93798828
0.93603516
0.93408203
0.93457031
0.93212891
0.93115234
0.92919922
0.92724609
0.92578125
0.92578125
0.92431641
0.92236328
0.92089844
0.91992188
0.91796875
0.91650391
0.91503906
0.91259766
0.91162109
0.90917969
0.90869141
0.90625000
0.90478516
0.90234375
0.89990234
0.89794922
0.89599609
0.89453125
0.89160156
0.88818359
0.88623047
0.88476563
0.88085938
0.87939453
